gcc aa 1 366.99 5.2GHz
370
gcc aa 2 366.52 5.2GHz
370
gcc aa 3 364.36 5.2GHz
360
0
0
0
0
0
0
0
0
0
0
0
0
0
0
0
hmmer aa 1 363.66 4.8GHz
360
hmmer aa 2 363.20 4.8GHz
360
hmmer aa 3 361.07 4.8GHz
360
0
0
0
0
0
0
0
0
0
0
0
0
0
0
0
0
0
0
0
0
0
0
0
0
0
0
0
0
0
0
0
0
0
0
0
0
0
0
0
0
0
0
0
0
0
0
0
0
povray aa 1 314.83 4.5GHz
310
povray aa 2 315.02 4.5GHz
320
povray aa 3 314.74 4.5GHz
310
0
0
0
0
0
0
sjemg aa 1 365.49 4.8GHz
370
sjemg aa 2 365.01 4.8GHz
370
sjemg aa 3 362.90 4.8GHz
360
0
0
0
0
0
0
0
0
0
soplex aa 1 354.84 5.2GHz
350
soplex aa 2 354.48 5.2GHz
350
soplex aa 3 352.70 5.2GHz
350
0
0
0
0
0
0
0
0
0
0
0
0
0
0
0
0
0
0
0
0
0
0
0
0
0
0
0
hmmer pv 1 362.71 5.2GHz
360
hmmer pv 2 362.26 5.2GHz
360
hmmer pv 3 359.87 5.2GHz
360
0
0
0
0
0
0
0
0
0
0
0
0
0
0
0
0
0
0
0
0
0
0
0
0
0
0
0
0
0
0
0
0
0
0
0
0
0
0
0
0
0
0
0
0
0
povray pv 1 366.00 4.8GHz
370
povray pv 2 365.54 4.8GHz
370
povray pv 3 363.36 4.8GHz
360
0
0
0
0
0
0
povray pv 1 363.69 4.7GHz
360
povray pv 2 363.22 4.7GHz
360
povray pv 3 361.08 4.7GHz
360
sjemg pv 1 367.03 5.2GHz
370
sjemg pv 2 366.58 5.2GHz
370
sjemg pv 3 364.39 5.2GHz
360
0
0
0
sjemg pv 1 365.05 5.1GHz
370
sjemg pv 2 364.57 5.1GHz
360
sjemg pv 3 362.43 5.1GHz
360
0
0
0
0
0
0
0
0
0
0
0
0
0
0
0
0
0
0
0
0
0
0
0
0
0
0
0
0
0
0
0
0
0
0
0
0
0
0
0
0
0
0
0
0
0
0
0
0
0
0
0
0
0
0
0
0
0
0
0
0
0
0
0
0
0
0
0
0
0
0
0
0
0
0
0
0
0
0
0
0
0
0
0
0
0
0
0
0
0
0
0
0
0
0
0
0
0
0
0
0
0
0
0
0
0
0
0
0
0
0
0
0
0
0
0
0
0
0
0
0
0
0
0
0
0
0
0
0
0
0
0
0
0
0
0
0
0
0
0
0
0
0
0
0
0
0
0
0
0
0
0
0
0
0
0
0
0
0
0
0
0
0
0
0
0
0
0
0
0
0
0
0
0
0
0
0
0
0
0
0
0
0
0
0
0
0
0
0
0
0
0
0
0
0
0
0
0
0
0
0
0
0
0
0
0
0
0
0
0
0
0
0
0
0
0
0
0
0
0
0
0
0
0
0
0
0
0
0
0
0
0
